0781188428,0798596764,0781879904,0792403631,0788770131,0784798045,0781401147,0785430927,0787414233
0788303920,0783280130,0787708949,0782982286,0789387622,0780873315,0798842745,0785868904,0791319220,0787660579,0798694387,0798971393,0784445210,0785696387,0793906573
0780556038,0791445803,0785237787,0794007159,0787726259,0786106091,0785449317,0781733105,0788439188,0798922780,0780453966,0787787595
0788849298,0792108531,0788519535,0783979685,0780598864,0793413544,0789240400,0787107366,0789709164,0788265838,0781422613,0782569041,0787326135,0780557336,0788278642
0785036809,0787054991,0784387975,0788961537,0785291220,0782419779,0784154055,0788637207,0793895682,0785256461,0787638966,0788453638,0798694001,0783322661,0784338925,0783355086,0787665921,0789489486,0788760728,0786239368
0781114055,0780818514,0782329095,0786597979,0786375917,0793767579,0793898764,0780015578,0783677173,0783224588,0780472640,0784300345,0781027773,0783489879,0783082383,0787945030,0786997652,0786864031,0788308784,0783117407
0787893832,0783247789,0787051656,0785808282,0788360929,0791013961,0791569707,0788427071,0784962291,0783573391,0784292511,0783005210,0786203267,0798662602,0790800998
0780787391,0782860140,0782991313,0781545380,0791223520,0788348364,0790139694,0788241232,0783277992,0786039899,0785932886,0788765609,0788656043,0790001286,0781447883
0793905175,0780487390,0781665836,0788453520,0788802611,0787063581,0788818026,0782892228,0788695372,0788532029,0789622054,0788394007,0788557772,0785424245,0780873715,0793165395,0788260831,0788635153,0788478303,0792401914
0788230003,0787785491,0787124329,0780620140,0784932385,0781108877,0780486249,0785952313,0785027916,0781052655,0787538546,0784559979,0780822070
0788870224,0793895929,0798973847,0788985164,0787063502,0785072436,0798287891,0788579676,0791651900,0783188993,0780161382,0793365431,0788406825
0793761377,0786990639,0787921773,0793904306,0784529726,0790877010,0785081203,0781654607,0788411161,0792536274,0788295216,0794037381,0783005854,0788780993,0793440535
0793905241,0786517689,0780585016,0789549549,0790914990,0781194370,0785739206,0798922796,0793837554,0782097894,0788500771,0786668664
0788612313,0783254958,0788271378,0783091485,0781535049,0798686809,0785656588,0781915151,0788590055,0787021900,0787480666
0788482269,0785026325,0787791312,0788354077,0784253460,0780679723,0798945745,0789184582,0784366053,0787707949,0780172267,0788767927
0787163235,0793107105,0787517505,0788218278,0788822025,0793822937,0789686689,0780606721,0793902235,0784865014,0789330202,0788754541
0788778199,0790423317,0787125578,0790646779,0791430858,0784070113,0782020571,0790646670,0791700945,0780849608,0788315620,0784550683,0786714002
0785199692,0781158068,0789412127,0780857595,0788388795,0788476323,0784879957,0791078073,0788325249,0790009227,0781256942
0788771483,0788640484,0787936376,0787185148,0787403217,0785522150,0787399210,0783000582,0788868210,0784648564,0788996252,0784269025,0781819254
0788467188,0781717746,0788536223,0788613329,0783763355,0788653209,0781290417,0785656410,0787914888,0784869303,0787933916,0780864495,0788482618
0791515353,0788455218,0784786506,0789449307,0780233171,0788572793,0783726185,0788453153,0788306053,0788385827
0787391586,0785569487,0785754776,0787680429,0788316387,0780101718,0784221923,0798975375,0781957991,0785627918,0788315795,0783714852,0788526812,0788218297
0786362821,0787296320,0790537189,0788612288,0783511541,0788444881,0789104895,0790073299,0786741858,0789270784,0785004647,0788309045
0788445615,0788304180,0793852774,0787678661,0788310522,0788592828,0793895423,0786193133,0785217777,0789238547,0780166840
0786722020,0787336989,0791590010,0792453160,0786532879,0784545211,0788698446,0792401158,0789905365,0783790440,0798260295
0792400530,0784971348,0787382414,0788310673,0791846509,0782516110,0788941402,0788487115,0783982744,0798666154,0786287939,0780056979,0789805656
0780478542,0782001003,0788434180,0793840043,0781523409,0788733464,0780476033,0780735873,0783373262,0788319847,0791956377,0798970732,0788303703
0790050607,0789568203,0784432652,0788869446,0787327644,0789409620,0791956065,0798202940,0784800742,0788763598,0783505626,0788537438,0785712203,0789671491
0781947440,0787642075,0787061166,0788659265,0788415007,0788533445,0788307635,0798666423,0791450002,0783544912,0781373798,0799362058
0789967071,0788954650,0785064262,0788575757,0781085925,0781139959,0788476126,0781121647,0788471992,0781059761,0782091033,0786248655
0787163382,0791956836,0784086473,0787610829,0788327072,0788321856,0788992125,0780529319,0782250198,0788594574,0786976881,0789406033,0788334884
0780733400,0789088822,0783391999,0785184655,0788734281,0788309440,0786182098,0785021027,0785474191,0788353963,0788428900
0789868076,0788527929,0790138527,0788354180,0788436940,0788312557,0787538325,0788471091,0791387816,0788240359,0788351020
0783923677,0792558444,0791589868,0788966053,0798075855,0785129971,0784836308,0789784024,0789936596,0788219101,0780796669,0781711391,0798685449,0786514786
0780816857,0785201439,0784237456,0787950394,0787169702,0798979178,0787522645,0781465645,0789184182,0788518992,0789357553,0784037130,0780861945,0785631336,0788494257,0798973868
0784532759,0780798374,0781716488,0787042270,0785727961,0782547223,0781925777,0787262278,0785255946,0787380781,0788727789,0791504755,0785374045,0782205109,0788588945,0789448044
0788356556,0783607188,0788611186,0784896000,0788618124,0792524676,0788393781,0785403007,0786879400,0781499058,0782027479,0785046662,0785661962
0798979107,0785909005,0782025021,0787286934,0785071309,0780588678,0787057736,0787792400,0788471500,0786940112
0789390109,0784420230,0788395323,0781403513,0798232030,0781531428,0787316182,0788315766,0788439544,0788948002,0782502889,0791319027
0788353740,0791541444,0786729933,0788385111,0788411721,0785244735,0788462656,0782185581,0790050686,0788453873,0780485018,0787646314
0788469543,0788596531,0788308897,0785719700,0786756492,0783061264,0783682824,0785131445,0788742737,0788519124,0791446278,0792401373
0788317980,0790598456,0785579644,0788478561,0783516485,0782177546,0791569023,0789361293,0791958736,0783889167,0780887232
0789623746,0784132175,0785355598,0787770451,0788445933,0781276077,0788241588,0792574157,0781657350,0783145811,0792575312,0788331378
0788443636,0781982220,0788308132,0791900601,0786657427,0788876282,0784125590,0788531326,0781145512,0788411422,0788305522,0787033174,0787475432
0798694179,0787397045,0791698080,0788319554,0787996010,0792016284,0783724266,0782973379,0789875233,0791960971
0780472353,0789518472,0790857003,0788630000,0785261901,0783811462,0780229466,0781277672,0789346911,0792411982,0781087554
0785189057,0789438780,0791445620,0785997749,0788464980,0782604021,0787544111,0791348778,0788789944,0780664033,0788518439
0784979823,0788996124,0784443933,0781011798,0788757811,0780630137,0785122334,0780464268,0780647945,0781969007
0791675801,0798977965,0781487445,0788317807,0789969500,0780975508,0788211515,0798972919,0787196886,0789295989,0783160500
0783876205,0789195741,0781722522,0786105478,0781407229,0783518020,0788623520,0782341156,0788306290,0785563763,0788716878
0785903117,0782250444,0786185819,0788940710,0789287902,0798009451,0782679516,0781517146,0784853438,0785065510,0784722656
0788834907,0791432201,0783877760,0788449888,0788684621,0787591958,0791503626,0785454024,0788512223,0785760245
0789489090,0788313147,0788359994,0791944502,0783452774,0782488868,0781403176,0788764863,0788323342,0788317068,0792437437
0789099683,0783935068,0788994541,0788797424,0788857100,0788355805,0788327641,0781297728,0788225945,0784112399
0784678889,0788489019,0788539605,0785000184,0788307800,0788490001,0798682886,0788306460,0789180640,0788341888
0789485988,0780881264,0780873241,0781474533,0783691116,0787495795,0788434198,0783355353,0781946888,0780893922,0780617693
0788954010,0788313066,0787679594,0789902625,0788313189,0783088086,0788681371,0784179405,0790077177,0788542760,0792573960
0788871929,0780584381,0786680524,0780200941,0798736166,0793367463
0781283594,0792361040,0788285641,0788351222,0783055615,0784258422,0787608245,0784525349,0781380206,0787951032
0785508658,0789394891,0787249176,0784011630,0787681455,0788608120,0786507334,0788478833,0783759905,0782442651
0788667767,0784800079,0791590335,0785820696,0784981680,0787490830,0788757564,0785832923,0785715615,0781478484,0784338925